2207 1874
2203 1867
2199 1870
2201 1860
2202 1858
2198 1848
2200 1850
2197 1838
2195 1839
2188 1817
2221 1908
2516 2534
2215 1897
2183 1836
2185 1824
2181 1817
2178 1812
2177 1812
2163 1808
2158 1803
2155 1797
2151 1786
2153 1792
2156 1804
2170 1820
2164 1829
2171 1823
2159 1821
2168 1822
2167 1821
2165 1819
2163 1814
2164 1814
2162 1807
2161 1801
2162 1799
2154 1797
2161 1797
2164 1793
2167 1796
2169 1797
2170 1805
2172 1802
2175 1805
2173 1805
2179 1808
2130 1753
2406 2346
2228 1951
2155 1810
2143 1779
2134 1771
2135 1782
2127 1772
2124 1768
2125 1779
2125 1774
2117 1774
2123 1776
2137 1787
2144 1807
2147 1825
2141 1830
2146 1827
2141 1837
2149 1835
2148 1847
2158 1855
2156 1859
2160 1861
2153 1862
2161 1867
2156 1863
2153 1860
2153 1863
2153 1863
2148 1862
2144 1857
2127 1854
2118 1862
2120 1869
2116 1864
2119 1865
2121 1875
2101 1851
2447 2586
2141 1953
2110 1875
2095 1861
2094 1851
2086 1849
2080 1842
2074 1847
2070 1849
2060 1848
2063 1845
2056 1849
2057 1853
2064 1874
2067 1886
2067 1892
2067 1896
2070 1902
2067 1909
2072 1915
2067 1918
2074 1923
2074 1923
2072 1924
2075 1934
2075 1935
2078 1938
2081 1940
2083 1944
2077 1943
2083 1943
2083 1957
2084 1953
2087 1956
2085 1958
2070 1959
2041 1929
2256 2367
2150 2155
2068 1994
2043 1957
2052 1958
2053 1959
2051 1963
2052 1963
2043 1962
2042 1965
2046 1964
2037 1962
2052 1965
2054 1971
2048 1970
2043 1967
2040 1967
2037 1967
2033 1968
2037 1976
2033 1967
2033 1975
2031 1978
2025 1979
2024 1980
2033 1983
2033 1981
2037 1983
2045 1991
2063 2004
2071 2003
2080 2009
2082 2003
2111 2021
2106 1995
2452 2705
2207 2130
2205 2053
2216 2038
2192 2029
2201 2039
2195 2043
2208 2046
2209 2049
2213 2047
2214 2047
2224 2055
2227 2061
2244 2082
2259 2101
2273 2107
2277 2111
2281 2111
2297 2129
2302 2134
2290 2132
2293 2145
2278 2139
2294 2144
2301 2144
2300 2141
2302 2141
2301 2142
2298 2135
2292 2135
2289 2130
2296 2133
2310 2150
2288 2126
2266 2067
2532 2618
2383 2274
2301 2112
2291 2085
2278 2079
2271 2067
2264 2062
2261 2061