2049 1987
2049 1986
2049 1989
2043 1999
2048 2005
2045 2004
2049 2011
2048 2009
2047 2003
2050 2016
2052 2021
2054 2022
2057 2025
2057 2028
2059 2032
2062 2031
2061 2031
2061 2031
2059 2038
2059 2039
2061 2037
2055 2033
2063 2044
2033 1998
2208 2429
2154 2256
2046 2049
2034 2010
2027 1999
2017 1996
2020 1992
2011 1985
2014 1983
2014 1982
2002 1974
2009 1969
2004 1962
2017 1969
2019 1988
2028 1987
2011 1989
2027 1991
2018 1990
2028 1985
2031 1987
2033 1989
2033 1996
2034 1994
2037 1992
2040 1995
2039 1995
2034 1996
2037 1992
2039 2005
2043 1999
2038 2005
2044 1999
2033 1999
2032 1982
2085 2150
2338 2697
2063 2053
2033 1993
2035 1977
2030 1983
2038 1983
2033 1982
2032 1982
2019 1976
2023 1966
2028 1961
2023 1954
2032 1970
2037 1993
2047 2009
2042 2005
2047 2006
2050 2014
2055 2018
2058 2023
2058 2026
2061 2029
2060 2036
2067 2041
2062 2043
2074 2046
2079 2050
2075 2046
2080 2052
2083 2062
2081 2060
2083 2060
2086 2065
2092 2068
2063 2023
2265 2531
2244 2410
2101 2083
2086 2049
2082 2047
2073 2037
2081 2038
2081 2037
2072 2029
2075 2022
2076 2021
2069 2019
2064 2018
2085 2037
2093 2054
2100 2068
2098 2065
2097 2062
2100 2064
2099 2064
2103 2065
2097 2068
2108 2072
2108 2072
2102 2067
2104 2069
2106 2068
2103 2070
2106 2072
2100 2075
2106 2073
2098 2071
2110 2076
2114 2079
2111 2077
2112 2078
2111 2083
2099 2053
2195 2300
2392 2695
2120 2114
2104 2065
2097 2054
2097 2053
2099 2051
2092 2047
2089 2043
2086 2038
2087 2029
2084 2026
2091 2029
2095 2037
2100 2056
2108 2069
2112 2073
2110 2072
2104 2072
2111 2076
2107 2081
2113 2078
2110 2080
2112 2080
2107 2083
2113 2086
2114 2089
2116 2092
2115 2092
2115 2090
2118 2091
2114 2093
2114 2092
2114 2091
2118 2099
2111 2098
2118 2107
2115 2107
2116 2103
2091 2072
2231 2384
2328 2566
2115 2128
2093 2085
2089 2079
2086 2073
2085 2071
2083 2072
2082 2075
2082 2075
2080 2075
2081 2073
2074 2066
2084 2072
2087 2080
2083 2091
2088 2090
2077 2093
2087 2092
2090 2096
2075 2097
2093 2098
2086 2097
2092 2088
2088 2097
2097 2100
2096 2104