2096 2101
2096 2099
2101 2090
2101 2094
2100 2101
2106 2109
2107 2109
2111 2107
2110 2108
2098 2092
2248 2406
2253 2382
2117 2139
2109 2099
2101 2091
2115 2092
2114 2097
2116 2098
2115 2102
2117 2103
2117 2103
2123 2106
2127 2105
2126 2106
2128 2103
2125 2103
2126 2102
2128 2107
2129 2111
2130 2116
2135 2117
2133 2118
2138 2119
2130 2120
2140 2122
2147 2127
2143 2126
2146 2122
2147 2124
2151 2123
2152 2132
2152 2135
2156 2130
2157 2137
2154 2133
2137 2098
2305 2492
2341 2486
2168 2158
2151 2117
2152 2110
2155 2112
2151 2112
2157 2114
2150 2110
2152 2105
2147 2104
2149 2098
2147 2103
2159 2115
2157 2127
2167 2135
2167 2130
2167 2133
2167 2129
2166 2125
2170 2130
2170 2137
2170 2134
2175 2133
2174 2137
2176 2140
2175 2134
2175 2133
2174 2136
2179 2138
2170 2135
2181 2142
2169 2139
2181 2139
2184 2141
2183 2140
2155 2093
2519 2919
2225 2223
2184 2124
2177 2103
2173 2097
2175 2093
2173 2085
2172 2081
2172 2077
2166 2062
2168 2064
2173 2065
2170 2069
2179 2085
2175 2097
2183 2104
2178 2101
2178 2098
2174 2096
2178 2105
2180 2104
2179 2105
2181 2108
2182 2107
2182 2109
2170 2104
2180 2108
2179 2104
2176 2106
2177 2101
2171 2097
2175 2097
2170 2103
2174 2100
2168 2091
2171 2099
2154 2067
2273 2359
2461 2709
2183 2122
2159 2066
2148 2060
2158 2055
2143 2053
2155 2053
2153 2048
2152 2046
2152 2041
2148 2042
2155 2042
2160 2053
2173 2069
2172 2077
2180 2084
2174 2084
2180 2081
2184 2085
2183 2082
2184 2084
2186 2087
2186 2085
2186 2087
2188 2087
2187 2087
2188 2089
2186 2087
2194 2093
2193 2092
2185 2087
2182 2086
2187 2084
2188 2091
2187 2090
2190 2091
2188 2090
2189 2091
2164 2057
2537 2840
2212 2159
2179 2073
2166 2051
2167 2050
2163 2042
2163 2040
2160 2039
2166 2039
2156 2036
2160 2031
2162 2028
2160 2029
2174 2049
2182 2070
2176 2072
2182 2071
2175 2067
2179 2075
2188 2082
2175 2080
2197 2092
2190 2095
2202 2097
2195 2100
2207 2102
2203 2103
2211 2105
2207 2107
2212 2103
2212 2110
2213 2103
2208 2097
2204 2098
2205 2104
2204 2109
2202 2101
2204 2103
2199 2102
2175 2055