2434 2617
2270 2245
2206 2102
2199 2080
2194 2077
2191 2072
2195 2071
2193 2066
2195 2060
2197 2059
2204 2059
2199 2059
2197 2055
2198 2069
2211 2086
2209 2091
2212 2085
2212 2093
2213 2097
2212 2100
2206 2097
2206 2098
2203 2098
2202 2094
2194 2088
2194 2089
2190 2089
2190 2082
2183 2081
2186 2085
2180 2084
2173 2076
2170 2075
2169 2074
2159 2058
2160 2071
2150 2065
2151 2070
2160 2101
2477 2732
2170 2124
2131 2060
2136 2060
2130 2057
2129 2059
2130 2067
2132 2070
2130 2076
2126 2071
2130 2083
2131 2087
2133 2085
2127 2084
2133 2094
2138 2099
2137 2106
2134 2107
2133 2105
2139 2119
2140 2122
2133 2113
2134 2119
2131 2111
2124 2109
2123 2106
2126 2112
2123 2109
2126 2110
2126 2112
2125 2112
2127 2112
2120 2115
2109 2093
2312 2517
2186 2227
2130 2120
2118 2079
2116 2077
2114 2066
2122 2075
2115 2068
2116 2062
2112 2063
2122 2063
2124 2061
2129 2062
2127 2055
2130 2052
2128 2050
2124 2040
2129 2041
2126 2040
2132 2043
2136 2043
2139 2045
2139 2033
2142 2033
2140 2028
2140 2027
2143 2021
2136 2016
2140 2021
2147 2013
2151 2019
2149 2015
2147 2015
2147 2007
2150 2038
2496 2809
2183 2077
2147 1990
2149 1980
2153 1971
2142 1968
2152 1966
2142 1950
2152 1939
2145 1931
2146 1923
2143 1928
2151 1946
2152 1967
2161 1980
2166 1988
2162 1981
2159 1985
2158 1978
2157 1977
2157 1980
2155 1982
2155 1980
2158 1980
2151 1973
2152 1967
2149 1969
2152 1973
2154 1975
2154 1972
2154 1965
2149 1969
2135 1933
2221 2185
2455 2617
2155 1985
2131 1927
2129 1923
2125 1917
2126 1918
2121 1918
2123 1909
2109 1899
2117 1901
2120 1901
2115 1894
2125 1907
2123 1924
2133 1933
2127 1932
2130 1930
2132 1931
2133 1926
2137 1929
2141 1930
2143 1931
2140 1928
2138 1922
2138 1922
2137 1919
2135 1920
2132 1916
2139 1926
2140 1930
2140 1933
2139 1934
2135 1927
2132 1949
2485 2674
2158 2001
2134 1922
2126 1908
2122 1906
2122 1892
2121 1893
2119 1894
2124 1894
2127 1888
2130 1877
2131 1883
2143 1880
2158 1902
2173 1911
2178 1909
2174 1903
2183 1902
2185 1895
2189 1881
2190 1876
2196 1875
2196 1873
2200 1872